name: seqsniffer
channels:
  - bioconda
  - conda-forge
dependencies:
  - bzip2=1.0.8=hd037594_9
  - c-ares=1.34.6=hc919400_0
  - ca-certificates=2026.2.25=hbd8a1cb_0
  - curl=8.18.0=hd5a2499_1
  - k8=1.2=hda5e58c_6
  - krb5=1.22.2=h385eeb1_0
  - libcurl=8.18.0=hd5a2499_1
  - libcxx=22.1.0=h55c6f16_1
  - libedit=3.1.20250104=pl5321hafb1f1b_0
  - libev=4.33=h93a5062_2
  - libiconv=1.18=h23cfdf5_2
  - libidn2=2.3.8=ha90df94_1
  - libintl=0.25.1=h493aca8_0
  - liblzma=5.8.2=h8088a28_0
  - libnghttp2=1.67.0=hc438710_0
  - libssh2=1.11.1=h1590b86_0
  - libunistring=0.9.10=h3422bc3_0
  - libxml2=2.14.6=h762f11a_3
  - libxml2-16=2.14.6=h6967ea9_3
  - libzlib=1.3.1=h8359307_2
  - minimap2=2.30=hba9b596_0
  - ncbi-vdb=3.3.0=h4675bf2_0
  - ncurses=6.5=h5e97a16_3
  - openssl=3.6.1=hd24854e_1
  - pcre2=10.45=ha881caa_0
  - perl=5.32.1=7_h4614cfb_perl5
  - perl-alien-build=2.84=pl5321hbdacb55_1
  - perl-alien-build-plugin-download-gitlab=0.01=pl5321hdfd78af_0
  - perl-alien-libxml2=0.20=pl5321h9b71f33_0
  - perl-business-isbn=3.007=pl5321hdfd78af_0
  - perl-business-isbn-data=20210112.006=pl5321hdfd78af_0
  - perl-capture-tiny=0.48=pl5321hdfd78af_2
  - perl-carp=1.38=pl5321hdfd78af_4
  - perl-constant=1.33=pl5321hdfd78af_2
  - perl-data-dumper=2.183=pl5321hc71e825_1
  - perl-encode=3.21=pl5321h5505292_1
  - perl-exporter=5.72=pl5321hdfd78af_2
  - perl-extutils-makemaker=7.70=pl5321hd8ed1ab_0
  - perl-ffi-checklib=0.28=pl5321hdfd78af_0
  - perl-file-chdir=0.1010=pl5321hdfd78af_3
  - perl-file-path=2.18=pl5321hd8ed1ab_0
  - perl-file-temp=0.2304=pl5321hd8ed1ab_0
  - perl-file-which=1.24=pl5321hd8ed1ab_0
  - perl-importer=0.026=pl5321hdfd78af_0
  - perl-mime-base64=3.16=pl5321hc71e825_3
  - perl-parent=0.236=pl5321hdfd78af_2
  - perl-path-tiny=0.122=pl5321hdfd78af_0
  - perl-pathtools=3.75=pl5321hc71e825_2
  - perl-scope-guard=0.21=pl5321hdfd78af_3
  - perl-storable=3.15=pl5321hc71e825_2
  - perl-sub-info=0.002=pl5321hdfd78af_1
  - perl-term-table=0.028=pl5321hdfd78af_0
  - perl-test2-suite=0.000163=pl5321hdfd78af_0
  - perl-uri=5.12=pl5321hdfd78af_0
  - perl-xml-libxml=2.0210=pl5321h9b71f33_1
  - perl-xml-namespacesupport=1.12=pl5321hdfd78af_1
  - perl-xml-sax=1.02=pl5321hdfd78af_1
  - perl-xml-sax-base=1.09=pl5321hdfd78af_1
  - sra-tools=3.2.1=h4675bf2_1
  - wget=1.25.0=hd7c3adf_0
  - zlib=1.3.1=h8359307_2
  - zstd=1.5.7=hbf9d68e_6
prefix: /Users/yigewu/miniforge3/envs/seqsniffer
